924105847 3535967500
1590671408 3922896413
862547726 2862336517
1179581902 550928937
1119813087 3902182981
239292220 3886885127
1431013336 4008361351
497006450 3202222476
3762887865 2825074920
1174460248 2802204525
2478029114 1315773520
3314574416 758535215
2937286555 1465565416
3557890144 2178585617
2302663941 545925709
1760235686 3764895505
1611466162 3413310661
448986440 2299599241
2862214102 816981050
3428698758 1855907990
4166786547 623062374
348263371 3773264180
2156380028 3202837414
176975437 960643902
1939243484 3489436410
570153018 1953586229
955914445 1170112218
1203873861 275293950
2946017418 2113950681
1612120785 950564730
3067056466 2185819124
1277032348 2278496282
3014054611 2840028693
2448813042 1892853625
2366720094 2105528029
2031284711 1458749641
1501132142 1246136964
1538751826 713387978
1346866603 923268002
1121632359 2859518655
639987042 2221622927
3318591754 2448084269
2855764286 1330005960
40911135 2801584596
4038526389 3904027393
2460496674 974428421
3985690878 4138879070
310347788 2757988876
1952615229 4236949199
1298073619 1693871104
463937191 4141081323
1498658995 2667432594
2788536597 1249040016
3840335228 3048254093
1378418017 47058820
1109099925 4268301145
3438834829 2920072226
4106524776 2392195035
279697255 1730661646
1767898928 1789622490
2342773410 1516373264
3452397789 326928488
2883924553 1305521901
2595785285 1874706890
888381855 3367597032
410095495 836239649
2965503158 2247482294
2057810884 652736009
761933942 2853668173
3193675603 835752357
2630175598 3474035448
1170885250 3725988389
371172110 4017391655
2296479094 140304282
3854869642 3430933741
1380033308 3081760447
3110992246 2879620313
2057795013 1398815158
1186034569 1187330249
3008525888 867068860
3216703498 3855840148
4096731997 1509524059
549766733 1739481028
1622643054 273840852
520283474 2699564458
2958327159 2189794760
2417411210 3254846402
588837798 552850683
1341059223 1000619644
3438891603 4071754082
1157903581 3318822924
9126206 2435289617
349387236 3034261134
446076808 1403964171
1789867329 3620460735
3589032510 1387755183
1058324332 1324100850
2989171432 3604321588
1568548503 2834189524
122793228 1855898996
684521056 2828951308
3877041573 2422675009
3984632722 2688223442
1223469870 2594309403
2546314474 506892059
3026934741 3954388367
2894391569 3276269577
2555231977 2195219107
2242095412 4189537508
994118728 3160243636
167345891 2243345418
3166774966 1924896881
2097264944 2367429820
319908405 1681303623
3727850028 1080513495
3462469531 4111918415
2067537344 3984243123
3311307041 1552194209
3477225872 2961957489
3081101007 2628191305
3162972688 54922798
3404165849 859898267
924652841 37562954
1862941979 3444342680
1636582155 3061716202
134461195 2767791646
1768020417 2246706846
106758455 3267316246
2757018917 1351298990
732757005 2932851657
3277721908 1516158342
3832513540 1348197683
2229525756 1816321105
1215215193 3726402047
2733547475 1600426638
2036878323 3267767257
197387336 2680435790
2382160638 3359229330
1511588358 1326268349
2789122082 4112978399
3282682397 1530888574
3069812575 203400432
1023248182 3639031346
2229237776 1508830659
3282458462 3290297884
3285833518 1189569643
3057564821 3967206860
2083543978 389286203
2784907069 740399699
1376836487 1151889666
1959249303 2428229772
3978740953 321934271
1712505322 3657768158
1908005977 983631525
2276290232 1386740592
3274035533 974360723
837920914 3712774946
3658180576 1598061265
3829029862 1768035510
1089334212 212010019
2455818882 2858548031
3066786894 2196011715
3025796102 1743368101
2584209936 269706180
1548970676 1136463141
2221894952 2682660097
2191147086 3576294988
3190004053 693361686
2235335856 876043070
4293306164 3949390811
3295805481 1807091770
2218978664 2502393737
2463392541 70710599
3424928788 1055765634
3702565793 2122002485
3589120263 1945128898
4008411000 761248159
1480521362 362218636
1918946306 1982197049
50873721 2923014598
1389514578 1629763928
538158850 3317045620
2985199037 2119006043
1747670297 330690607
771254515 3746008553
3583312519 778082118
1855677336 305400149
3322366752 3821876755
4211290454 4268545344
579262627 1460511161
3709695978 2657667358
1518734467 420821168
1456764129 1650240726
4224232120 1781170727
404581400 1402837739
168049493 2109967305
3938426425 2648223895
3408032537 2147071571
147554714 771042649
2875162449 2558194799
